

~~~~~~~~~~~ 2023-03-06 16:14:29 ~~~~~~~~~~~

Name    Grow prc min: 30, 60, 90, 120
CHF_JPY, -0.012319, 0.020549, 0.068536, 0.104211
EUR_JPY, -0.019282, 0.002764, -0.011013, 0.014475
USD_CNH, -0.011359, -0.008342, -0.008630, -0.020426
GBP_PLN, 0.037520, 0.032776, 0.016295, 0.005681
USD_DKK, 0.010911, -0.017360, -0.042463, -0.067841
EUR_DKK, 0.000269, 0.005376, 0.004837, 0.006721
AUD_CAD, -0.028374, -0.048010, 0.001093, 0.006553
EUR_GBP, -0.014641, -0.014641, -0.024763, -0.007885
NZD_USD, -0.054876, -0.024218, 0.067858, 0.155248
USD_CZK, 0.247492, 0.176589, 0.155024, 0.127115
NZD_JPY, -0.048680, -0.030877, 0.022572, 0.107020
AUD_SGD, -0.030926, -0.050796, -0.017677, 0.029832
AUD_HKD, -0.034446, -0.028014, 0.020831, 0.074650
GBP_USD, -0.000833, 0.031611, 0.063242, 0.076563
USD_MXN, 0.024497, 0.031895, -0.006440, -0.020874
EUR_CHF, -0.021119, -0.035195, -0.097480, -0.106515
AUD_CHF, -0.030329, -0.065420, -0.102082, -0.089336
ZAR_JPY, -0.026844, -0.026844, -0.026844, -0.053679
CHF_ZAR, 0.011216, 0.063586, 0.096068, 0.160899
HKD_JPY, 0.005486, -0.006476, -0.042773, -0.048319
EUR_PLN, 0.041586, 0.037954, 0.008520, 0.017051
USD_HKD, 0.002035, -0.000510, -0.002806, -0.000128
EUR_SGD, -0.025750, -0.020176, -0.016701, 0.006962
USD_SEK, 0.012536, -0.004114, -0.047514, -0.087927
GBP_SGD, 0.001857, 0.007421, 0.019782, 0.030296
GBP_NZD, 0.054101, 0.055127, -0.004635, -0.077702
GBP_HKD, 0.000737, 0.030296, 0.059782, 0.076433
EUR_HKD, -0.026715, 0.002150, 0.024817, 0.053233
USD_JPY, 0.007353, -0.007363, -0.045600, -0.048539
EUR_TRY, -0.111940, 0.016455, 0.044065, 0.064452
USD_CAD, 0.007339, -0.014691, -0.022036, -0.067538
EUR_CZK, 0.274273, 0.259374, 0.264270, 0.262565
CAD_CHF, -0.001465, -0.026321, -0.106652, -0.097900
NZD_HKD, -0.053860, -0.024673, 0.063395, 0.155967
NZD_CHF, -0.048553, -0.062413, -0.058943, -0.010411
EUR_USD, -0.029024, 0.001864, 0.027153, 0.052455
GBP_JPY, -0.001232, 0.016516, 0.008561, 0.020803
USD_TRY, -0.083375, 0.013606, 0.016403, 0.011063
CHF_HKD, -0.004512, 0.037128, 0.125014, 0.163665
NZD_CAD, -0.048608, -0.037942, 0.045089, 0.087845
EUR_NZD, 0.026103, 0.023786, -0.042309, -0.100797
GBP_CAD, 0.003663, 0.015271, 0.042162, 0.010384
EUR_AUD, -0.003147, 0.020172, -0.007556, -0.034016
SGD_JPY, 0.003964, 0.015843, -0.003956, -0.002967
TRY_JPY, 0.069572, -0.027799, -0.097235, -0.069475
EUR_ZAR, -0.011388, 0.028276, -0.005998, 0.050398
AUD_JPY, -0.027318, -0.032786, -0.020765, 0.030621
EUR_SEK, 0.012179, 0.024720, 0.001614, -0.011553
USD_SGD, 0.002978, -0.023036, -0.042352, -0.046070
USD_THB, -0.110132, -0.162205, -0.167996, -0.162205
GBP_CHF, 0.016083, -0.005356, -0.061600, -0.083898
GBP_AUD, 0.034697, 0.055420, 0.034697, -0.002241
USD_PLN, 0.054218, 0.035983, -0.018215, -0.036413
EUR_NOK, -0.087138, -0.061101, -0.105445, -0.128585
CAD_HKD, -0.005028, 0.014574, 0.018908, 0.067511
CAD_JPY, -0.001001, 0.013022, -0.023032, 0.023035
USD_ZAR, 0.017643, 0.025975, -0.031769, -0.002957
NZD_SGD, -0.052788, -0.043196, 0.024010, 0.110555
USD_HUF, -0.038239, -0.095695, -0.105310, -0.153369
EUR_CAD, -0.023386, -0.012379, 0.006871, -0.013067
CAD_SGD, -0.004047, -0.008095, -0.020240, 0.022270
GBP_ZAR, 0.016044, 0.056340, 0.030266, 0.073220
EUR_HUF, -0.075568, -0.098358, -0.083524, -0.107887
AUD_NZD, 0.023011, 0.004597, -0.035883, -0.072650
USD_CHF, 0.006449, -0.036513, -0.126611, -0.163032
AUD_USD, -0.031194, -0.022280, 0.029734, 0.081801
USD_NOK, -0.064587, -0.064294, -0.134927, -0.184707
SGD_CHF, 0.002886, -0.014452, -0.083752, -0.116926


~~~~~~~~~~~ 2023-03-06 16:18:34 ~~~~~~~~~~~

Name    Grow prc min: 30, 60, 90, 120
CHF_JPY, -0.005475, 0.027395, 0.075385, 0.111063
EUR_JPY, -0.028929, -0.006884, -0.020661, 0.004825
USD_CNH, -0.015105, -0.012087, -0.012375, -0.024171
GBP_PLN, 0.078257, 0.073510, 0.057023, 0.046404
USD_DKK, 0.034019, 0.005741, -0.019367, -0.044751
EUR_DKK, -0.003492, 0.001615, 0.001076, 0.002960
AUD_CAD, -0.021824, -0.041461, 0.007646, 0.013105
EUR_GBP, -0.015761, -0.015761, -0.025884, -0.009005
NZD_USD, -0.035503, -0.004840, 0.087254, 0.174661
USD_CZK, 0.356830, 0.285850, 0.264261, 0.236322
NZD_JPY, -0.032058, -0.014251, 0.039206, 0.123668
AUD_SGD, -0.013251, -0.033125, 0.000000, 0.047517
AUD_HKD, -0.024231, -0.017797, 0.031052, 0.084877
GBP_USD, -0.006651, 0.025790, 0.057420, 0.070740
USD_MXN, -0.021276, -0.013881, -0.052198, -0.066626
EUR_CHF, -0.021119, -0.035195, -0.097480, -0.106515
AUD_CHF, -0.020749, -0.055843, -0.092509, -0.079761
ZAR_JPY, 0.000000, 0.000000, 0.000000, -0.026843
CHF_ZAR, -0.004183, 0.048179, 0.080655, 0.145476
HKD_JPY, 0.002027, -0.009934, -0.046230, -0.051776
EUR_PLN, 0.060788, 0.057155, 0.027715, 0.036248
USD_HKD, 0.002290, -0.000255, -0.002551, 0.000128
EUR_SGD, -0.018093, -0.012519, -0.009043, 0.014622
USD_SEK, 0.012052, -0.004598, -0.047998, -0.088410
GBP_SGD, 0.003714, 0.009278, 0.021640, 0.032153
GBP_NZD, 0.033494, 0.034520, -0.025230, -0.098282
GBP_HKD, -0.004445, 0.025112, 0.054596, 0.071247
EUR_HKD, -0.024929, 0.003936, 0.026603, 0.055020
USD_JPY, 0.005883, -0.008834, -0.047070, -0.050008
EUR_TRY, -0.110996, 0.017400, 0.045010, 0.065397
USD_CAD, 0.002934, -0.019095, -0.026439, -0.071940
EUR_CZK, 0.354945, 0.340035, 0.344934, 0.343228
CAD_CHF, 0.001465, -0.023392, -0.103726, -0.094973
NZD_HKD, -0.037822, -0.008630, 0.079452, 0.172039
NZD_CHF, -0.034683, -0.048546, -0.045075, 0.003463
EUR_USD, -0.027149, 0.003739, 0.029029, 0.054331
GBP_JPY, 0.001223, 0.018972, 0.011016, 0.023258
USD_TRY, -0.083375, 0.013606, 0.016403, 0.011063
CHF_HKD, -0.002612, 0.039029, 0.126916, 0.165568
NZD_CAD, -0.036751, -0.026084, 0.056957, 0.099718
EUR_NZD, 0.008699, 0.006382, -0.059701, -0.118179
GBP_CAD, 0.001828, 0.013436, 0.040326, 0.008549
EUR_AUD, -0.010711, 0.012607, -0.015120, -0.041577
SGD_JPY, -0.019790, -0.007914, -0.027708, -0.026719
TRY_JPY, 0.083485, -0.013899, -0.083345, -0.055581
EUR_ZAR, -0.025340, 0.014319, -0.019950, 0.036437
AUD_JPY, -0.020764, -0.026232, -0.014210, 0.037179
EUR_SEK, -0.009309, 0.003229, -0.019872, -0.033036
USD_SGD, 0.020818, -0.005201, -0.024520, -0.028239
USD_THB, -0.110132, -0.162205, -0.167996, -0.162205
GBP_CHF, 0.016083, -0.005356, -0.061600, -0.083898
GBP_AUD, 0.033022, 0.053745, 0.033022, -0.003915
USD_PLN, 0.054446, 0.036211, -0.017987, -0.036185
EUR_NOK, -0.088938, -0.062901, -0.107244, -0.130384
CAD_HKD, -0.000695, 0.018908, 0.023243, 0.071847
CAD_JPY, 0.000000, 0.014023, -0.022031, 0.024036
USD_ZAR, 0.001745, 0.010077, -0.047659, -0.018852
NZD_SGD, -0.019193, -0.009598, 0.057631, 0.144205
USD_HUF, -0.032577, -0.090035, -0.099651, -0.147712
EUR_CAD, -0.028886, -0.017880, 0.001369, -0.018568
CAD_SGD, 0.018217, 0.014169, 0.002020, 0.044540
GBP_ZAR, -0.004823, 0.035465, 0.009396, 0.052341
EUR_HUF, -0.074249, -0.097039, -0.082205, -0.106568
AUD_NZD, 0.010128, -0.008283, -0.048758, -0.085521
USD_CHF, 0.004297, -0.038664, -0.128760, -0.165180
AUD_USD, -0.026740, -0.017826, 0.034190, 0.086260
USD_NOK, -0.062189, -0.061897, -0.132531, -0.182312
SGD_CHF, -0.017340, -0.034674, -0.103960, -0.137128


~~~~~~~~~~~ 2023-03-06 20:11:17 ~~~~~~~~~~~

Name    Grow prc min: 30, 60, 90, 120
